BEST:-
n 	Repititions 	 Total Ticks 	 Time per sort
0	3807		1		0.000262674
10	2564		1		0.000390016
20	1982		1		0.000504541
30	1585		1		0.000630915
40	1380		1		0.000724638
50	1208		1		0.000827815
60	1051		1.001		0.000952426
70	917		1		0.00109051
80	826		1		0.00121065
90	777		1.001		0.00128829
100	678		1.001		0.0014764
200	384		1.001		0.00260677
300	268		1		0.00373134
400	202		1.002		0.0049604
500	159		1.001		0.0062956
600	141		1.003		0.00711348
700	115		1.003		0.00872174
800	102		1.001		0.00981373
900	95		1.009		0.0106211
1000	84		1		0.0119048

AVERAGE:-
n 	Repititions 	 Total Ticks 	 Time per sort
0	7		0.00386333		0.000536326
10	3		0.00461		0.00120052
20	3		0.00424		0.00139168
30	4		0.00433333		0.00105348
40	3		0.00460667		0.00128798
50	3		0.00485		0.0016113
60	2		0.00509		0.00179436
70	2		0.00525667		0.00203222
80	2		0.00569667		0.0023411
90	2		0.00567667		0.00248251
100	2		0.00617		0.00290125
200	1		0.00874333		0.00544191
300	1		0.0108067		0.00816625
400	1		0.0131067		0.0100563
500	1		0.0161433		0.0130539
600	1		0.0181133		0.0149286
700	1		0.0213233		0.0180197
800	1		0.02428		0.021113
900	1		0.0266567		0.0235206
1000	1		0.02884		0.0255221

WORST:-
n 	Repititions 	 Total Ticks 	 Time per sort
0	3574		1		0.000279799
10	2585		1		0.000386847
20	2029		1		0.000492854
30	1615		1		0.000619195
40	1399		1		0.000714796
50	1205		1		0.000829876
60	1037		1		0.00096432
70	938		1		0.0010661
80	848		1		0.00117925
90	713		1.013		0.00142076
100	701		1.001		0.00142796
200	396		1.001		0.00252778
300	261		1.001		0.00383525
400	202		1.01		0.005
500	166		1.001		0.00603012
600	142		1.007		0.00709155
700	123		1.007		0.00818699
800	108		1.002		0.00927778
900	93		1.006		0.0108172
1000	87		1.01		0.0116092
